0 10000 0 2
5000 10000 22 10002
9999 10000 46 20000

0 29000 0 2
14500 29000 37 29002
28999 29000 73 58000

0 48000 0 2
24000 48000 74 48002
47999 48000 141 96000

0 67000 0 2
33500 67000 52 67002
66999 67000 102 134000

0 86000 0 2
43000 86000 87 86002
85999 86000 165 172000

0 105000 0 2
52500 105000 106 105002
104999 105000 183 210000

0 124000 0 2
62000 124000 132 124002
123999 124000 254 248000

0 143000 0 2
71500 143000 161 143002
142999 143000 268 286000

0 162000 0 2
81000 162000 246 162002
161999 162000 489 324000

0 181000 0 2
90500 181000 313 181002
180999 181000 512 362000

0 200000 0 2
100000 200000 186 200002
199999 200000 648 400000

