0 10000 0 0
4996 10000 0 0
9995 10000 0 0

0 29000 0 0
14486 29000 0 0
28986 29000 0 0

0 48000 0 0
23977 48000 0 0
47976 48000 0 0

0 67000 0 0
33467 67000 0 0
66967 67000 0 0

0 86000 0 0
42958 86000 0 0
85957 86000 0 0

0 105000 0 0
52448 105000 0 0
104948 105000 0 0

0 124000 0 0
61939 124000 0 0
123938 124000 0 0

0 143000 0 0
71429 143000 0 0
142929 143000 0 0

0 162000 0 0
80920 162000 0 0
161919 162000 0 0

0 181000 0 0
90410 181000 0 0
180910 181000 0 0

0 200000 0 0
99901 200000 0 0
199900 200000 0 0

