0 10000 0 0
4996 10000 15 0
9995 10000 24 0

0 29000 0 0
14486 29000 35 0
28986 29000 58 0

0 48000 0 0
23977 48000 37 0
47976 48000 73 0

0 67000 0 0
33467 67000 29 0
66967 67000 61 0

0 86000 0 0
42958 86000 49 0
85957 86000 97 0

0 105000 0 0
52448 105000 43 0
104948 105000 87 0

0 124000 0 0
61939 124000 50 0
123938 124000 106 0

0 143000 0 0
71429 143000 110 0
142929 143000 209 0

0 162000 0 0
80920 162000 72 0
161919 162000 141 0

0 181000 0 0
90410 181000 81 0
180910 181000 174 0

0 200000 0 0
99901 200000 122 0
199900 200000 401 0

