0 10000 0 2
5000 10000 17 5002
9999 10000 35 10001

0 29000 0 2
14500 29000 52 14502
28999 29000 121 29001

0 48000 0 2
24000 48000 70 24002
47999 48000 152 48001

0 67000 0 2
33500 67000 67 33502
66999 67000 100 67001

0 86000 0 2
43000 86000 264 43002
85999 86000 233 86001

0 105000 0 2
52500 105000 80 52502
104999 105000 155 105001

0 124000 0 2
62000 124000 89 62002
123999 124000 193 124001

0 143000 0 2
71500 143000 152 71502
142999 143000 477 143001

0 162000 0 2
81000 162000 145 81002
161999 162000 258 162001

0 181000 0 2
90500 181000 159 90502
180999 181000 311 181001

0 200000 0 2
100000 200000 220 100002
199999 200000 333 200001

